1 -0.1 0 1 2
1 -0.1 -4 1 5
1 -0.1 -2 1 5
1 -0.1 0 1 5
1 -0.1 2 1 5
1 -0.1 4 1 5
1 -0.1 -6 1 9
1 -0.1 -3 1 9
1 -0.1 0 1 9
1 -0.1 3 1 9
1 -0.1 6 1 9
1 -0.1 -6 1 14
1 -0.1 3 1 14
1 -0.1 0 1 14
1 -0.1 3 1 14
1 -0.1 6 1 14
1 -0.1 -1 3 5
1 -0.1 0 3 5
1 -0.1 1 3 5
1 -0.1 -6 3 9
1 -0.1 -3 3 9
1 -0.1 0 3 9
1 -0.1 3 3 9
1 -0.1 6 3 9
1 -0.1 -6 3 14
1 -0.1 -3 3 14
1 -0.1 0 3 14
1 -0.1 3 3 14
1 -0.1 6 3 14
1 -0.1 -1 7 9
1 -0.1 0 7 9
1 -0.1 1 7 9
1 -0.1 -3 7 14
1 -0.1 0 7 14
1 -0.1 3 7 14
1 -0.1 -2 12 14
1 -0.1 0 12 14
1 -0.1 2 12 14
